随机数组为：10 16 1 14 13 17 7 13 3 3 14 1 7 12 5 10 7 14 13 5 
结果为：16 17 17 17 17 17 14 14 14 14 14 12 12 14 14 14

随机数组为：3 1 11 0 1 18 1 12 19 17 11 12 8 19 7 11 0 15 19 11
结果为：11 18 18 18 19 19 19 19 19 19 19 19 19 19 19 19

随机数组为：16 9 17 9 13 6 14 3 15 0 19 7 11 5 2 18 10 4 12 13
结果为：17 17 17 14 15 15 19 19 19 19 19 18 18 18 18 18

随机数组为：15 8 15 8 6 2 17 5 11 4 6 2 6 9 4 3 4 1 18 16 
结果为：15 15 17 17 17 17 17 11 11 9 9 9 9 9 18 18

随机数组为：8 15 10 4 8 10 17 18 12 12 7 18 16 12 1 15 14 14 15 17
结果为：15 15 17 18 18 18 18 18 18 18 18 18 16 15 15 17

随机数组为：10 17 19 4 13 16 8 1 3 6 11 17 5 18 7 3 13 17 19 2
结果为：19 19 19 16 16 16 11 17 17 18 18 18 18 18 19 19

随机数组为：16 13 1 3 4 16 18 1 6 3 17 5 8 9 16 5 7 14 10 15
结果为：16 16 18 18 18 18 18 17 17 17 17 16 16 16 16 15

随机数组为：19 16 3 7 5 13 8 9 8 7 4 4 1 0 13 10 6 13 17 10
结果为：19 16 13 13 13 13 9 9 8 7 13 13 13 13 17 17

随机数组为：1 1 3 7 18 15 3 8 7 6 12 4 3 15 5 0 19 13 4 4
结果为：18 18 18 18 18 15 12 12 12 15 15 15 19 19 19 19

随机数组为：18 10 4 10 2 1 4 0 4 2 1 7 12 1 17 13 14 9 8 8
结果为：18 10 10 10 4 4 4 7 12 12 17 17 17 17 17 14